0 0.18459302325581395 0.5155038759689923 0.18313953488372092 0.24806201550387597
0 0.3691860465116279 0.4786821705426357 0.1744186046511628 0.22093023255813954
0 0.38372093023255816 0.2616279069767442 0.1569767441860465 0.2441860465116279
0 0.5683139534883721 0.2655038759689922 0.18313953488372092 0.2131782945736434
0 0.7412790697674418 0.2713178294573643 0.18023255813953487 0.2248062015503876
0 0.565406976744186 0.7170542635658914 0.2063953488372093 0.23255813953488372
0 0.3691860465116279 0.7383720930232558 0.19186046511627908 0.22093023255813954
0 0.16569767441860464 0.7538759689922481 0.18023255813953487 0.2054263565891473
0 0.751453488372093 0.7189922480620154 0.16569767441860464 0.2364341085271318
0 0.9258720930232558 0.6608527131782945 0.15988372093023256 0.2364341085271318
